m1 = 12
m2 = 16
p = 100000
we_ = 2169.8129
alfa_e = 0.01750406
wexe = 13.2883176
weye = 0.0
gama_e = 0.0
De = 1.801e-18
Re = 1.12832320e-10
gel = 1
