m1 = 32.0419
m2 = 39.948
pressao = 1
we_ = 36.88
alfa_e = 0.00425 
wexe = 2.97
weye = 0.024
gama_e = -0.0002750000001818421
De = 2.54746073891e-21
Re = 3.6851647667e-10
gel = 1
temp1 = 70
temp2 = 205
intervalo_temp = 5
